96	192	240	240	192	128	255	80	176	224	32	144	96	48	16	240	144	192	255	16	64	208	176	208	48	128	240	112	112	224	208	64
32	192	80	16	128	96	96	96	128	32	176	112	80	176	160	112	144	112	255	112	48	192	48	16	255	240	160	160	96	112	144	96
48	96	176	64	160	48	80	48	255	160	176	48	255	176	64	240	128	96	64	176	176	240	96	96	176	208	80	160	255	128	0	112
160	208	32	96	16	32	80	16	112	176	16	208	16	224	80	32	32	96	192	192	224	176	96	48	144	240	160	96	64	32	176	96
48	96	176	48	80	255	64	16	48	80	144	48	0	32	48	160	32	144	192	64	16	48	112	32	0	48	16	48	128	144	16	144
0	208	64	128	48	176	192	128	144	160	112	128	48	16	208	144	16	128	192	48	208	192	240	96	48	32	32	208	80	160	48	176
176	144	96	112	240	144	192	112	112	128	80	32	160	48	224	176	208	112	80	32	112	144	0	255	192	176	144	176	64	96	224	144
80	32	160	80	112	144	0	255	48	16	160	208	48	144	160	144	112	208	80	16	64	160	255	16	128	208	240	176	192	176	144	128
224	160	80	32	255	208	160	240	160	48	112	255	176	80	176	48	224	96	16	192	80	112	160	176	176	176	224	160	144	112	64	224
80	240	224	128	80	96	176	16	32	192	224	192	80	208	240	255	176	160	32	208	192	176	112	144	240	255	176	208	128	32	255	96

