---------------------------------
Subnivel 0:
Cor media : [126,131](1)
Tabela : [[0,32](1), [0,48](1), [0,112](1), [0,208](1), [0,255](2), [16,32](1), [16,48](2), [16,128](1), [16,144](1), [16,192](1), [16,208](1), [16,224](1), [16,240](1), [32,96](2), [32,144](2), [32,192](2), [32,208](2), [48,16](3), [48,32](1), [48,80](1), [48,96](2), [48,128](1), [48,144](1), [48,160](1), [48,176](2), [48,192](1), [64,16](1), [64,32](1), [64,96](1), [64,128](1), [64,160](1), [64,176](1), [64,208](1), [64,224](1), [64,240](1), [80,16](3), [80,32](5), [80,48](1), [80,96](1), [80,112](1), [80,160](2), [80,176](1), [80,208](1), [80,240](1), [80,255](1), [96,48](2), [96,96](2), [96,112](2), [96,192](1), [112,32](1), [112,128](2), [112,144](3), [112,176](1), [112,208](1), [112,224](1), [112,255](1), [128,32](2), [128,96](2), [128,144](1), [128,208](1), [144,48](1), [144,96](1), [144,112](2), [144,128](1), [144,160](1), [144,176](1), [144,192](1), [144,240](1), [160,48](3), [160,80](1), [160,96](1), [160,112](1), [160,144](1), [160,160](1), [160,176](1), [160,208](2), [160,240](1), [176,16](1), [176,48](3), [176,64](1), [176,80](1), [176,96](1), [176,112](1), [176,144](1), [176,160](1), [176,176](1), [176,208](3), [176,224](1), [176,240](1), [192,48](1), [192,64](1), [192,112](1), [192,128](2), [192,176](3), [192,192](1), [208,64](1), [208,112](1), [208,144](1), [208,192](1), [224,96](1), [224,128](1), [224,144](1), [224,160](2), [224,176](2), [224,192](1), [240,96](1), [240,112](1), [240,144](1), [240,176](1), [240,240](1), [240,255](2), [255,16](2), [255,80](1), [255,96](1), [255,112](1), [255,128](1), [255,160](1), [255,176](1), [255,208](1), [255,240](1)]Media=[126,131](1)
---------------------------------
Subnivel 1: *
Cor media : [65,125](1)
Tabela : [[48,16](3), [64,16](1), [80,16](3), [0,32](1), [16,32](1), [48,32](1), [64,32](1), [80,32](5), [112,32](1), [128,32](2), [0,48](1), [16,48](2), [80,48](1), [96,48](2), [48,80](1), [32,96](2), [48,96](2), [64,96](1), [80,96](1), [96,96](2), [128,96](2), [0,112](1), [80,112](1), [96,112](2), [16,128](1), [48,128](1), [64,128](1), [112,128](2), [16,144](1), [32,144](2), [48,144](1), [112,144](3), [128,144](1), [48,160](1), [64,160](1), [80,160](2), [48,176](2), [64,176](1), [80,176](1), [112,176](1), [16,192](1), [32,192](2), [48,192](1), [96,192](1), [0,208](1), [16,208](1), [32,208](2), [64,208](1), [80,208](1), [112,208](1), [128,208](1), [16,224](1), [64,224](1), [112,224](1), [16,240](1), [64,240](1), [80,240](1), [0,255](2), [80,255](1), [112,255](1)]Media=[65,125](1)
---------------------------------
Subnivel 2: *
Cor media : [190,135](1)
Tabela : [[176,16](1), [255,16](2), [128,32](2), [144,48](1), [160,48](3), [176,48](3), [192,48](1), [176,64](1), [192,64](1), [208,64](1), [160,80](1), [176,80](1), [255,80](1), [128,96](2), [144,96](1), [160,96](1), [176,96](1), [224,96](1), [240,96](1), [255,96](1), [144,112](2), [160,112](1), [176,112](1), [192,112](1), [208,112](1), [240,112](1), [255,112](1), [144,128](1), [192,128](2), [224,128](1), [255,128](1), [128,144](1), [160,144](1), [176,144](1), [208,144](1), [224,144](1), [240,144](1), [144,160](1), [160,160](1), [176,160](1), [224,160](2), [255,160](1), [144,176](1), [160,176](1), [176,176](1), [192,176](3), [224,176](2), [240,176](1), [255,176](1), [144,192](1), [192,192](1), [208,192](1), [224,192](1), [128,208](1), [160,208](2), [176,208](3), [255,208](1), [176,224](1), [144,240](1), [160,240](1), [176,240](1), [240,240](1), [255,240](1), [240,255](2)]Media=[190,135](1)
---------------------------------
Subnivel 3: *
Cor media : [68,65](1)
Tabela : [[0,32](1), [0,48](1), [0,112](1), [16,32](1), [16,48](2), [16,128](1), [32,96](2), [48,16](3), [48,32](1), [48,80](1), [48,96](2), [48,128](1), [64,16](1), [64,32](1), [64,96](1), [64,128](1), [80,16](3), [80,32](5), [80,48](1), [80,96](1), [80,112](1), [96,48](2), [96,96](2), [96,112](2), [112,32](1), [112,128](2), [128,32](2), [128,96](2)]Media=[68,65](1)
---------------------------------
Subnivel 4: *
Cor media : [62,186](1)
Tabela : [[0,208](1), [0,255](2), [16,128](1), [16,144](1), [16,192](1), [16,208](1), [16,224](1), [16,240](1), [32,144](2), [32,192](2), [32,208](2), [48,128](1), [48,144](1), [48,160](1), [48,176](2), [48,192](1), [64,128](1), [64,160](1), [64,176](1), [64,208](1), [64,224](1), [64,240](1), [80,160](2), [80,176](1), [80,208](1), [80,240](1), [80,255](1), [96,192](1), [112,128](2), [112,144](3), [112,176](1), [112,208](1), [112,224](1), [112,255](1), [128,144](1), [128,208](1)]Media=[62,186](1)
---------------------------------
Subnivel 5:
Cor media : [186,89](1)
Tabela : [[176,16](1), [255,16](2), [128,32](2), [144,48](1), [160,48](3), [176,48](3), [192,48](1), [176,64](1), [192,64](1), [208,64](1), [160,80](1), [176,80](1), [255,80](1), [128,96](2), [144,96](1), [160,96](1), [176,96](1), [224,96](1), [240,96](1), [255,96](1), [144,112](2), [160,112](1), [176,112](1), [192,112](1), [208,112](1), [240,112](1), [255,112](1), [144,128](1), [192,128](2), [224,128](1), [255,128](1), [128,144](1), [160,144](1), [176,144](1), [208,144](1), [224,144](1), [240,144](1)]Media=[186,89](1)
---------------------------------
Subnivel 6:
Cor media : [194,189](1)
Tabela : [[128,144](1), [128,208](1), [144,160](1), [144,176](1), [144,192](1), [144,240](1), [160,144](1), [160,160](1), [160,176](1), [160,208](2), [160,240](1), [176,144](1), [176,160](1), [176,176](1), [176,208](3), [176,224](1), [176,240](1), [192,176](3), [192,192](1), [208,144](1), [208,192](1), [224,144](1), [224,160](2), [224,176](2), [224,192](1), [240,144](1), [240,176](1), [240,240](1), [240,255](2), [255,160](1), [255,176](1), [255,208](1), [255,240](1)]Media=[194,189](1)
---------------------------------
Subnivel 7:
Cor media : [52,58](1)
Tabela : [[48,16](3), [64,16](1), [80,16](3), [0,32](1), [16,32](1), [48,32](1), [64,32](1), [80,32](5), [0,48](1), [16,48](2), [80,48](1), [48,80](1), [32,96](2), [48,96](2), [64,96](1), [80,96](1), [0,112](1), [80,112](1), [16,128](1), [48,128](1), [64,128](1)]Media=[52,58](1)
---------------------------------
Subnivel 8:
Cor media : [96,63](1)
Tabela : [[80,16](3), [80,32](5), [112,32](1), [128,32](2), [80,48](1), [96,48](2), [80,96](1), [96,96](2), [128,96](2), [80,112](1), [96,112](2), [112,128](2)]Media=[96,63](1)
---------------------------------
Subnivel 9:
Cor media : [36,187](1)
Tabela : [[16,128](1), [48,128](1), [64,128](1), [16,144](1), [32,144](2), [48,144](1), [48,160](1), [64,160](1), [48,176](2), [64,176](1), [16,192](1), [32,192](2), [48,192](1), [0,208](1), [16,208](1), [32,208](2), [64,208](1), [16,224](1), [64,224](1), [16,240](1), [64,240](1), [0,255](2)]Media=[36,187](1)
---------------------------------
Subnivel 10:
Cor media : [93,185](1)
Tabela : [[64,128](1), [112,128](2), [112,144](3), [128,144](1), [64,160](1), [80,160](2), [64,176](1), [80,176](1), [112,176](1), [96,192](1), [64,208](1), [80,208](1), [112,208](1), [128,208](1), [64,224](1), [112,224](1), [64,240](1), [80,240](1), [80,255](1), [112,255](1)]Media=[93,185](1)
---------------------------------
Subnivel 11:
Cor media : [182,63](1)
Tabela : [[128,32](2), [128,96](2), [144,48](1), [144,96](1), [160,48](3), [160,80](1), [160,96](1), [176,16](1), [176,48](3), [176,64](1), [176,80](1), [176,96](1), [192,48](1), [192,64](1), [208,64](1), [224,96](1), [240,96](1), [255,16](2), [255,80](1), [255,96](1)]Media=[182,63](1)
---------------------------------
Subnivel 12:
Cor media : [190,117](1)
Tabela : [[128,96](2), [128,144](1), [144,96](1), [144,112](2), [144,128](1), [160,96](1), [160,112](1), [160,144](1), [176,96](1), [176,112](1), [176,144](1), [192,112](1), [192,128](2), [208,112](1), [208,144](1), [224,96](1), [224,128](1), [224,144](1), [240,96](1), [240,112](1), [240,144](1), [255,96](1), [255,112](1), [255,128](1)]Media=[190,117](1)
---------------------------------
Subnivel 13:
Cor media : [165,189](1)
Tabela : [[128,144](1), [160,144](1), [176,144](1), [144,160](1), [160,160](1), [176,160](1), [144,176](1), [160,176](1), [176,176](1), [192,176](3), [144,192](1), [192,192](1), [128,208](1), [160,208](2), [176,208](3), [176,224](1), [144,240](1), [160,240](1), [176,240](1)]Media=[165,189](1)
---------------------------------
Subnivel 14:
Cor media : [226,187](1)
Tabela : [[208,144](1), [224,144](1), [240,144](1), [224,160](2), [255,160](1), [192,176](3), [224,176](2), [240,176](1), [255,176](1), [192,192](1), [208,192](1), [224,192](1), [255,208](1), [240,240](1), [255,240](1), [240,255](2)]Media=[226,187](1)
---------------------------------
Subnivel 15:
Cor media : [61,25](1)
Tabela : [[48,16](3), [64,16](1), [80,16](3), [0,32](1), [16,32](1), [48,32](1), [64,32](1), [80,32](5)]Media=[61,25](1)
---------------------------------
Subnivel 16:
Cor media : [42,91](1)
Tabela : [[0,48](1), [16,48](2), [80,48](1), [48,80](1), [32,96](2), [48,96](2), [64,96](1), [80,96](1), [0,112](1), [80,112](1), [16,128](1), [48,128](1), [64,128](1)]Media=[42,91](1)
---------------------------------
Subnivel 17:
Cor media : [91,32](1)
Tabela : [[80,16](3), [80,32](5), [112,32](1), [128,32](2), [80,48](1), [96,48](2)]Media=[91,32](1)
---------------------------------
Subnivel 18:
Cor media : [100,94](1)
Tabela : [[80,48](1), [96,48](2), [80,96](1), [96,96](2), [128,96](2), [80,112](1), [96,112](2), [112,128](2)]Media=[100,94](1)
---------------------------------
Subnivel 19:
Cor media : [41,161](1)
Tabela : [[16,128](1), [48,128](1), [64,128](1), [16,144](1), [32,144](2), [48,144](1), [48,160](1), [64,160](1), [48,176](2), [64,176](1), [16,192](1), [32,192](2), [48,192](1)]Media=[41,161](1)
---------------------------------
Subnivel 20:
Cor media : [29,216](1)
Tabela : [[16,192](1), [32,192](2), [48,192](1), [0,208](1), [16,208](1), [32,208](2), [64,208](1), [16,224](1), [64,224](1), [16,240](1), [64,240](1), [0,255](2)]Media=[29,216](1)
---------------------------------
Subnivel 21:
Cor media : [95,151](1)
Tabela : [[64,128](1), [112,128](2), [112,144](3), [128,144](1), [64,160](1), [80,160](2), [64,176](1), [80,176](1), [112,176](1)]Media=[95,151](1)
---------------------------------
Subnivel 22:
Cor media : [89,214](1)
Tabela : [[64,176](1), [80,176](1), [112,176](1), [96,192](1), [64,208](1), [80,208](1), [112,208](1), [128,208](1), [64,224](1), [112,224](1), [64,240](1), [80,240](1), [80,255](1), [112,255](1)]Media=[89,214](1)
---------------------------------
Subnivel 23:
Cor media : [157,62](1)
Tabela : [[128,32](2), [128,96](2), [144,48](1), [144,96](1), [160,48](3), [160,80](1), [160,96](1), [176,16](1), [176,48](3), [176,64](1), [176,80](1), [176,96](1)]Media=[157,62](1)
---------------------------------
Subnivel 24:
Cor media : [207,61](1)
Tabela : [[176,16](1), [176,48](3), [176,64](1), [176,80](1), [176,96](1), [192,48](1), [192,64](1), [208,64](1), [224,96](1), [240,96](1), [255,16](2), [255,80](1), [255,96](1)]Media=[207,61](1)
---------------------------------
Subnivel 25:
Cor media : [159,116](1)
Tabela : [[128,96](2), [128,144](1), [144,96](1), [144,112](2), [144,128](1), [160,96](1), [160,112](1), [160,144](1), [176,96](1), [176,112](1), [176,144](1), [192,112](1), [192,128](2)]Media=[159,116](1)
---------------------------------
Subnivel 26:
Cor media : [225,120](1)
Tabela : [[192,112](1), [192,128](2), [208,112](1), [208,144](1), [224,96](1), [224,128](1), [224,144](1), [240,96](1), [240,112](1), [240,144](1), [255,96](1), [255,112](1), [255,128](1)]Media=[225,120](1)
---------------------------------
Subnivel 27:
Cor media : [167,164](1)
Tabela : [[128,144](1), [160,144](1), [176,144](1), [144,160](1), [160,160](1), [176,160](1), [144,176](1), [160,176](1), [176,176](1), [192,176](3)]Media=[167,164](1)
---------------------------------
Subnivel 28:
Cor media : [164,215](1)
Tabela : [[144,192](1), [192,192](1), [128,208](1), [160,208](2), [176,208](3), [176,224](1), [144,240](1), [160,240](1), [176,240](1)]Media=[164,215](1)
---------------------------------
Subnivel 29:
Cor media : [223,165](1)
Tabela : [[208,144](1), [224,144](1), [240,144](1), [224,160](2), [255,160](1), [192,176](3), [224,176](2), [240,176](1), [255,176](1)]Media=[223,165](1)
---------------------------------
Subnivel 30:
Cor media : [225,200](1)
Tabela : [[192,176](3), [224,176](2), [240,176](1), [255,176](1), [192,192](1), [208,192](1), [224,192](1), [255,208](1), [240,240](1), [255,240](1), [240,255](2)]Media=[225,200](1)
---------------------------------
