---------------------------------
Subnivel 0:
Cor media : [126,131](1)
Tabela : [[0,32](1), [0,48](1), [0,112](1), [0,208](1), [0,255](2), [16,32](1), [16,48](2), [16,128](1), [16,144](1), [16,192](1), [16,208](1), [16,224](1), [16,240](1), [32,96](2), [32,144](2), [32,192](2), [32,208](2), [48,16](3), [48,32](1), [48,80](1), [48,96](2), [48,128](1), [48,144](1), [48,160](1), [48,176](2), [48,192](1), [64,16](1), [64,32](1), [64,96](1), [64,128](1), [64,160](1), [64,176](1), [64,208](1), [64,224](1), [64,240](1), [80,16](3), [80,32](5), [80,48](1), [80,96](1), [80,112](1), [80,160](2), [80,176](1), [80,208](1), [80,240](1), [80,255](1), [96,48](2), [96,96](2), [96,112](2), [96,192](1), [112,32](1), [112,128](2), [112,144](3), [112,176](1), [112,208](1), [112,224](1), [112,255](1), [128,32](2), [128,96](2), [128,144](1), [128,208](1), [144,48](1), [144,96](1), [144,112](2), [144,128](1), [144,160](1), [144,176](1), [144,192](1), [144,240](1), [160,48](3), [160,80](1), [160,96](1), [160,112](1), [160,144](1), [160,160](1), [160,176](1), [160,208](2), [160,240](1), [176,16](1), [176,48](3), [176,64](1), [176,80](1), [176,96](1), [176,112](1), [176,144](1), [176,160](1), [176,176](1), [176,208](3), [176,224](1), [176,240](1), [192,48](1), [192,64](1), [192,112](1), [192,128](2), [192,176](3), [192,192](1), [208,64](1), [208,112](1), [208,144](1), [208,192](1), [224,96](1), [224,128](1), [224,144](1), [224,160](2), [224,176](2), [224,192](1), [240,96](1), [240,112](1), [240,144](1), [240,176](1), [240,240](1), [240,255](2), [255,16](2), [255,80](1), [255,96](1), [255,112](1), [255,128](1), [255,160](1), [255,176](1), [255,208](1), [255,240](1)]Media=[126,131](1)
FrequenciaTotal:160
---------------------------------
Subnivel 1:
Cor media : [62,124](1)
Tabela : [[48,16](3), [64,16](1), [80,16](3), [0,32](1), [16,32](1), [48,32](1), [64,32](1), [80,32](5), [112,32](1), [128,32](2), [0,48](1), [16,48](2), [80,48](1), [96,48](2), [48,80](1), [32,96](2), [48,96](2), [64,96](1), [80,96](1), [96,96](2), [0,112](1), [80,112](1), [96,112](2), [16,128](1), [48,128](1), [64,128](1), [112,128](2), [16,144](1), [32,144](2), [48,144](1), [112,144](3), [48,160](1), [64,160](1), [80,160](2), [48,176](2), [64,176](1), [80,176](1), [112,176](1), [16,192](1), [32,192](2), [48,192](1), [96,192](1), [0,208](1), [16,208](1), [32,208](2), [64,208](1), [80,208](1), [112,208](1), [16,224](1), [64,224](1), [112,224](1), [16,240](1), [64,240](1), [80,240](1), [0,255](2), [80,255](1), [112,255](1)]Media=[62,124](1)
FrequenciaTotal:81
---------------------------------
Subnivel 2:
Cor media : [190,135](1)
Tabela : [[176,16](1), [255,16](2), [128,32](2), [144,48](1), [160,48](3), [176,48](3), [192,48](1), [176,64](1), [192,64](1), [208,64](1), [160,80](1), [176,80](1), [255,80](1), [128,96](2), [144,96](1), [160,96](1), [176,96](1), [224,96](1), [240,96](1), [255,96](1), [144,112](2), [160,112](1), [176,112](1), [192,112](1), [208,112](1), [240,112](1), [255,112](1), [144,128](1), [192,128](2), [224,128](1), [255,128](1), [128,144](1), [160,144](1), [176,144](1), [208,144](1), [224,144](1), [240,144](1), [144,160](1), [160,160](1), [176,160](1), [224,160](2), [255,160](1), [144,176](1), [160,176](1), [176,176](1), [192,176](3), [224,176](2), [240,176](1), [255,176](1), [144,192](1), [192,192](1), [208,192](1), [224,192](1), [128,208](1), [160,208](2), [176,208](3), [255,208](1), [176,224](1), [144,240](1), [160,240](1), [176,240](1), [240,240](1), [255,240](1), [240,255](2)]Media=[190,135](1)
FrequenciaTotal:81
---------------------------------
Subnivel 3:
Cor media : [63,60](1)
Tabela : [[0,32](1), [0,48](1), [0,112](1), [16,32](1), [16,48](2), [16,128](1), [32,96](2), [48,16](3), [48,32](1), [48,80](1), [48,96](2), [48,128](1), [64,16](1), [64,32](1), [64,96](1), [64,128](1), [80,16](3), [80,32](5), [80,48](1), [80,96](1), [80,112](1), [96,48](2), [96,96](2), [96,112](2), [112,32](1), [128,32](2)]Media=[63,60](1)
FrequenciaTotal:41
---------------------------------
Subnivel 4:
Cor media : [60,189](1)
Tabela : [[64,128](1), [112,128](2), [16,144](1), [32,144](2), [48,144](1), [112,144](3), [48,160](1), [64,160](1), [80,160](2), [48,176](2), [64,176](1), [80,176](1), [112,176](1), [16,192](1), [32,192](2), [48,192](1), [96,192](1), [0,208](1), [16,208](1), [32,208](2), [64,208](1), [80,208](1), [112,208](1), [16,224](1), [64,224](1), [112,224](1), [16,240](1), [64,240](1), [80,240](1), [0,255](2), [80,255](1), [112,255](1)]Media=[60,189](1)
FrequenciaTotal:41
---------------------------------
Subnivel 5:
Cor media : [184,82](1)
Tabela : [[176,16](1), [255,16](2), [128,32](2), [144,48](1), [160,48](3), [176,48](3), [192,48](1), [176,64](1), [192,64](1), [208,64](1), [160,80](1), [176,80](1), [255,80](1), [128,96](2), [144,96](1), [160,96](1), [176,96](1), [224,96](1), [240,96](1), [255,96](1), [144,112](2), [160,112](1), [176,112](1), [192,112](1), [208,112](1), [240,112](1), [255,112](1), [144,128](1), [192,128](2), [224,128](1), [255,128](1), [128,144](1)]Media=[184,82](1)
FrequenciaTotal:41
---------------------------------
Subnivel 6:
Cor media : [194,189](1)
Tabela : [[128,144](1), [128,208](1), [144,160](1), [144,176](1), [144,192](1), [144,240](1), [160,144](1), [160,160](1), [160,176](1), [160,208](2), [160,240](1), [176,144](1), [176,160](1), [176,176](1), [176,208](3), [176,224](1), [176,240](1), [192,176](3), [192,192](1), [208,144](1), [208,192](1), [224,144](1), [224,160](2), [224,176](2), [224,192](1), [240,144](1), [240,176](1), [240,240](1), [240,255](2), [255,160](1), [255,176](1), [255,208](1), [255,240](1)]Media=[194,189](1)
FrequenciaTotal:41
---------------------------------
Subnivel 7:
Cor media : [37,66](1)
Tabela : [[48,16](3), [64,16](1), [0,32](1), [16,32](1), [48,32](1), [64,32](1), [0,48](1), [16,48](2), [48,80](1), [32,96](2), [48,96](2), [64,96](1), [0,112](1), [16,128](1), [48,128](1), [64,128](1)]Media=[37,66](1)
FrequenciaTotal:21
---------------------------------
Subnivel 8:
Cor media : [90,57](1)
Tabela : [[80,16](3), [80,32](5), [112,32](1), [128,32](2), [80,48](1), [96,48](2), [80,96](1), [96,96](2), [80,112](1), [96,112](2), [64,128](1)]Media=[90,57](1)
FrequenciaTotal:21
---------------------------------
Subnivel 9:
Cor media : [66,159](1)
Tabela : [[16,144](1), [16,192](1), [32,144](2), [32,192](2), [48,144](1), [48,160](1), [48,176](2), [64,128](1), [64,160](1), [64,176](1), [80,160](2), [80,176](1), [112,128](2), [112,144](3), [112,176](1)]Media=[66,159](1)
FrequenciaTotal:22
---------------------------------
Subnivel 10:
Cor media : [52,221](1)
Tabela : [[0,208](1), [0,255](2), [16,208](1), [16,224](1), [16,240](1), [32,192](2), [32,208](2), [48,192](1), [64,208](1), [64,224](1), [64,240](1), [80,208](1), [80,240](1), [80,255](1), [96,192](1), [112,208](1), [112,224](1), [112,255](1)]Media=[52,221](1)
FrequenciaTotal:21
---------------------------------
Subnivel 11:
Cor media : [177,53](1)
Tabela : [[128,32](2), [128,96](2), [144,48](1), [160,48](3), [160,80](1), [176,16](1), [176,48](3), [176,64](1), [176,80](1), [192,48](1), [192,64](1), [208,64](1), [255,16](2), [255,80](1)]Media=[177,53](1)
FrequenciaTotal:21
---------------------------------
Subnivel 12:
Cor media : [187,111](1)
Tabela : [[128,96](2), [128,144](1), [144,96](1), [144,112](2), [144,128](1), [160,96](1), [160,112](1), [176,96](1), [176,112](1), [192,112](1), [192,128](2), [208,112](1), [224,96](1), [224,128](1), [240,96](1), [240,112](1), [255,96](1), [255,112](1), [255,128](1)]Media=[187,111](1)
FrequenciaTotal:22
---------------------------------
Subnivel 13:
Cor media : [164,189](1)
Tabela : [[128,144](1), [160,144](1), [176,144](1), [144,160](1), [160,160](1), [176,160](1), [144,176](1), [160,176](1), [176,176](1), [192,176](3), [144,192](1), [128,208](1), [160,208](2), [176,208](3), [176,224](1), [144,240](1), [160,240](1), [176,240](1)]Media=[164,189](1)
FrequenciaTotal:23
---------------------------------
Subnivel 14:
Cor media : [226,187](1)
Tabela : [[208,144](1), [224,144](1), [240,144](1), [224,160](2), [255,160](1), [192,176](3), [224,176](2), [240,176](1), [255,176](1), [192,192](1), [208,192](1), [224,192](1), [255,208](1), [240,240](1), [255,240](1), [240,255](2)]Media=[226,187](1)
FrequenciaTotal:21
---------------------------------
Subnivel 15:
Cor media : [33,31](1)
Tabela : [[48,16](3), [64,16](1), [0,32](1), [16,32](1), [48,32](1), [64,32](1), [0,48](1), [16,48](2)]Media=[33,31](1)
FrequenciaTotal:11
---------------------------------
Subnivel 16:
Cor media : [36,96](1)
Tabela : [[16,48](2), [48,80](1), [32,96](2), [48,96](2), [64,96](1), [0,112](1), [16,128](1), [48,128](1), [64,128](1)]Media=[36,96](1)
FrequenciaTotal:12
---------------------------------
Subnivel 17:
Cor media : [92,28](1)
Tabela : [[80,16](3), [80,32](5), [112,32](1), [128,32](2)]Media=[92,28](1)
FrequenciaTotal:11
---------------------------------
Subnivel 18:
Cor media : [95,80](1)
Tabela : [[128,32](2), [80,48](1), [96,48](2), [80,96](1), [96,96](2), [80,112](1), [96,112](2), [64,128](1)]Media=[95,80](1)
FrequenciaTotal:12
---------------------------------
Subnivel 19:
Cor media : [38,163](1)
Tabela : [[16,144](1), [16,192](1), [32,144](2), [32,192](2), [48,144](1), [48,160](1), [48,176](2), [64,128](1)]Media=[38,163](1)
FrequenciaTotal:11
---------------------------------
Subnivel 20:
Cor media : [95,154](1)
Tabela : [[64,160](1), [64,176](1), [80,160](2), [80,176](1), [112,128](2), [112,144](3), [112,176](1)]Media=[95,154](1)
FrequenciaTotal:11
---------------------------------
Subnivel 21:
Cor media : [20,217](1)
Tabela : [[0,208](1), [0,255](2), [16,208](1), [16,224](1), [16,240](1), [32,192](2), [32,208](2), [48,192](1)]Media=[20,217](1)
FrequenciaTotal:11
---------------------------------
Subnivel 22:
Cor media : [83,222](1)
Tabela : [[48,192](1), [64,208](1), [64,224](1), [64,240](1), [80,208](1), [80,240](1), [80,255](1), [96,192](1), [112,208](1), [112,224](1), [112,255](1)]Media=[83,222](1)
FrequenciaTotal:11
---------------------------------
Subnivel 23:
Cor media : [154,53](1)
Tabela : [[128,32](2), [128,96](2), [144,48](1), [160,48](3), [160,80](1), [176,16](1), [176,48](3)]Media=[154,53](1)
FrequenciaTotal:13
---------------------------------
Subnivel 24:
Cor media : [203,52](1)
Tabela : [[176,48](3), [176,64](1), [176,80](1), [192,48](1), [192,64](1), [208,64](1), [255,16](2), [255,80](1)]Media=[203,52](1)
FrequenciaTotal:11
---------------------------------
Subnivel 25:
Cor media : [148,109](1)
Tabela : [[128,96](2), [128,144](1), [144,96](1), [144,112](2), [144,128](1), [160,96](1), [160,112](1), [176,96](1), [176,112](1)]Media=[148,109](1)
FrequenciaTotal:11
---------------------------------
Subnivel 26:
Cor media : [225,113](1)
Tabela : [[192,112](1), [192,128](2), [208,112](1), [224,96](1), [224,128](1), [240,96](1), [240,112](1), [255,96](1), [255,112](1), [255,128](1)]Media=[225,113](1)
FrequenciaTotal:11
---------------------------------
Subnivel 27:
Cor media : [167,164](1)
Tabela : [[128,144](1), [160,144](1), [176,144](1), [144,160](1), [160,160](1), [176,160](1), [144,176](1), [160,176](1), [176,176](1), [192,176](3)]Media=[167,164](1)
FrequenciaTotal:12
---------------------------------
Subnivel 28:
Cor media : [168,208](1)
Tabela : [[192,176](3), [144,192](1), [128,208](1), [160,208](2), [176,208](3), [176,224](1), [144,240](1), [160,240](1), [176,240](1)]Media=[168,208](1)
FrequenciaTotal:14
---------------------------------
Subnivel 29:
Cor media : [218,163](1)
Tabela : [[208,144](1), [224,144](1), [240,144](1), [224,160](2), [255,160](1), [192,176](3), [224,176](2)]Media=[218,163](1)
FrequenciaTotal:11
---------------------------------
Subnivel 30:
Cor media : [233,207](1)
Tabela : [[224,176](2), [240,176](1), [255,176](1), [192,192](1), [208,192](1), [224,192](1), [255,208](1), [240,240](1), [255,240](1), [240,255](2)]Media=[233,207](1)
FrequenciaTotal:12
---------------------------------